Basic 2 - 4 = -2
2^3 = 8
sqrt(2) = 1.4142135623730951
sin(90) = 1.0
cos(90) = 6.123233995736766e-17
tan(90) = 1.633123935319537e+16
tan(90) = 1.633123935319537e+16
sin(0) = 0.0
tan(90) = 1.633123935319537e+16
ln(2) = 0.6931471805599453
log10(2) = 0.3010299956639812
exp(3) = 20.085536923187668
